-1.227430 0.879567 22.847223
-1.507406 0.885619 22.811283
-1.788037 0.891007 22.774614
-2.069287 0.895740 22.737209
-2.351119 0.899824 22.699053
-2.633494 0.903269 22.660131
-2.916378 0.906082 22.620434
-3.199731 0.908273 22.579943
-3.483519 0.909848 22.538649
-3.767703 0.910816 22.496536
-4.052246 0.911186 22.453590
-4.337111 0.910964 22.409798
-4.622262 0.910161 22.365154
-4.907661 0.908783 22.319633
-5.193271 0.906839 22.273230
-5.479055 0.904337 22.225927
-5.764977 0.901286 22.177717
-6.050997 0.897693 22.128580
-6.337082 0.893566 22.078505
-6.623193 0.888915 22.027477
-6.909293 0.883746 21.975489
-7.195342 0.878068 21.922522
-7.481309 0.871890 21.868565
-7.767152 0.865218 21.813599
-8.052837 0.858063 21.757618
-8.338326 0.850431 21.700607
-8.623579 0.842332 21.642553
-8.908564 0.833772 21.583441
-9.193242 0.824761 21.523254
-9.477572 0.815306 21.461988
-9.761524 0.805416 21.399620
-10.045055 0.795098 21.336145
-10.328132 0.784362 21.271545
-10.610717 0.773214 21.205809
-10.892771 0.761664 21.138922
-11.174257 0.749719 21.070869
-11.455143 0.737388 21.001642
-11.735385 0.724679 20.931223
-12.014950 0.711599 20.859600
-12.293802 0.698158 20.786760
-12.571898 0.684363 20.712688
-12.849208 0.670223 20.637379
-13.125692 0.655744 20.560804
-13.401313 0.640937 20.482964
-13.676035 0.625809 20.403841
-13.949818 0.610368 20.323416
-14.222625 0.594622 20.241684
-14.494424 0.578580 20.158630
-14.765175 0.562249 20.074240
-15.034837 0.545639 19.988495
-15.303379 0.528756 19.901390
-15.570763 0.511609 19.812908
-15.836949 0.494206 19.723036
-16.101900 0.476556 19.631760
-16.365583 0.458667 19.539068
-16.627958 0.440546 19.444946
-16.888988 0.422203 19.349380
-17.148640 0.403644 19.252359
-17.406868 0.384879 19.153870
-17.663641 0.365915 19.053894
-17.918924 0.346761 18.952427
-18.172674 0.327425 18.849445
-18.424860 0.307915 18.744940
-18.675440 0.288239 18.638903
-18.924381 0.268405 18.531313
-19.171644 0.248421 18.422161
-19.417191 0.228297 18.311432
-19.660984 0.208039 18.199116
-19.902990 0.187656 18.085196
-20.143169 0.167156 17.969660
-20.381489 0.146548 17.852493
-20.617905 0.125839 17.733685
-20.852386 0.105038 17.613220
-21.084888 0.084152 17.491085
-21.315384 0.063191 17.367271
-21.543827 0.042161 17.241756
-21.770189 0.021072 17.114536
-21.994425 -0.000068 16.985594
-22.216503 -0.021252 16.854914
-22.436384 -0.042471 16.722486
-22.654032 -0.063717 16.588293
-22.869408 -0.084982 16.452330
-23.082478 -0.106258 16.314573
-23.293203 -0.127536 16.175016
-23.501545 -0.148808 16.033642
-23.707470 -0.170067 15.890441
-23.910938 -0.191303 15.745397
-24.111916 -0.212509 15.598495
-24.310362 -0.233678 15.449728
-24.506237 -0.254799 15.299077
-24.699514 -0.275866 15.146530
-24.890148 -0.296870 14.992075
-25.078104 -0.317803 14.835699
-25.263344 -0.338657 14.677387
-25.445833 -0.359423 14.517126
-25.625530 -0.380094 14.354905
-25.802401 -0.400661 14.190708
-25.976412 -0.421117 14.024523
-26.147526 -0.441452 13.856334
-26.315695 -0.461660 13.686131
-26.480904 -0.481732 13.513889
-26.643097 -0.501660 13.339622
-26.802298 -0.521443 13.163342
-26.958521 -0.541082 12.985078
-27.111792 -0.560577 12.804856
-27.262114 -0.579929 12.622707
-27.409513 -0.599136 12.438660
-27.554012 -0.618201 12.252738
-27.695618 -0.637121 12.064975
-27.834356 -0.655899 11.875394
-27.970236 -0.674534 11.684031
-28.103283 -0.693026 11.490906
-28.233515 -0.711375 11.296054
-28.360939 -0.729581 11.099498
-28.485588 -0.747646 10.901271
-28.607466 -0.765568 10.701399
-28.726601 -0.783348 10.499909
-28.843000 -0.800986 10.296832
-28.956690 -0.818483 10.092195
-29.067682 -0.835838 9.886027
-29.176003 -0.853052 9.678354
-29.281654 -0.870124 9.469208
-29.384668 -0.887056 9.258615
-29.485060 -0.903847 9.046605
-29.582844 -0.920497 8.833205
-29.678032 -0.937006 8.618444
-29.770651 -0.953376 8.402352
-29.860720 -0.969605 8.184953
-29.948246 -0.985694 7.966277
-30.033255 -1.001643 7.746356
-30.115761 -1.017453 7.525214
-30.195786 -1.033123 7.302881
-30.273340 -1.048654 7.079385
-30.348448 -1.064046 6.854753
-30.421124 -1.079299 6.629017
-30.491386 -1.094413 6.402204
-30.559250 -1.109388 6.174339
-30.624735 -1.124225 5.945455
-30.687860 -1.138923 5.715578
-30.748642 -1.153484 5.484735
-30.807096 -1.167906 5.252958
-30.863247 -1.182190 5.020273
-30.917103 -1.196337 4.786707
-30.968681 -1.210347 4.552291
-31.018009 -1.224219 4.317053
-31.065098 -1.237954 4.081020
-31.109964 -1.251552 3.844221
-31.152626 -1.265013 3.606685
-31.193104 -1.278338 3.368440
-31.231421 -1.291526 3.129514
-31.267574 -1.304578 2.889935
-31.301607 -1.317494 2.649731
-31.333517 -1.330273 2.408932
-31.363329 -1.342917 2.167567
-31.391066 -1.355426 1.925661
-31.416739 -1.367798 1.683245
-31.440367 -1.380036 1.440346
-31.461966 -1.392139 1.196993
-31.481554 -1.404106 0.953216
-31.499155 -1.415939 0.709040
-31.514776 -1.427637 0.464495
-31.528440 -1.439201 0.219609
-31.540169 -1.450630 -0.025588
-31.549973 -1.461925 -0.271069
-31.557875 -1.473086 -0.516807
-31.563890 -1.484114 -0.762771
-31.568031 -1.495008 -1.008936
-31.570324 -1.505768 -1.255269
-31.570786 -1.516396 -1.501745
-31.569431 -1.526890 -1.748335
-31.566271 -1.537251 -1.995011
-31.561329 -1.547479 -2.241744
-31.554630 -1.557575 -2.488505
-31.546181 -1.567538 -2.735268
-31.536009 -1.577369 -2.982001
-31.524113 -1.587068 -3.228680
-31.510534 -1.596635 -3.475274
-31.495274 -1.606070 -3.721753
-31.478359 -1.615374 -3.968093
-31.459805 -1.624546 -4.214262
-31.439629 -1.633587 -4.460234
-31.417843 -1.642497 -4.705978
-31.394468 -1.651276 -4.951470
-31.369524 -1.659924 -5.196676
-31.343025 -1.668442 -5.441573
-31.314995 -1.676829 -5.686129
-31.285446 -1.685086 -5.930318
-31.254395 -1.693213 -6.174109
-31.221861 -1.701210 -6.417477
-31.187866 -1.709077 -6.660391
-31.152422 -1.716814 -6.902822
-31.115547 -1.724422 -7.144745
-31.077257 -1.731901 -7.386131
-31.037577 -1.739251 -7.626948
-30.996521 -1.746472 -7.867171
-30.954098 -1.753564 -8.106771
-30.910337 -1.760527 -8.345718
-30.865252 -1.767363 -8.583987
-30.818861 -1.774070 -8.821548
-30.771179 -1.780648 -9.058372
-30.722223 -1.787100 -9.294445
-30.672014 -1.793423 -9.529713
-30.620564 -1.799620 -9.764169
-30.567881 -1.805692 -9.997800
-30.513981 -1.811639 -10.230588
-30.458878 -1.817464 -10.462515
-30.402575 -1.823168 -10.693568
-30.345089 -1.828752 -10.923726
-30.286438 -1.834217 -11.152978
-30.226624 -1.839564 -11.381301
-30.165661 -1.844796 -11.608684
-30.103565 -1.849912 -11.835106
-30.040342 -1.854914 -12.060555
-29.976017 -1.859804 -12.285007
-29.910582 -1.864583 -12.508454
-29.844065 -1.869253 -12.730875
-29.776472 -1.873813 -12.952256
-29.707813 -1.878266 -13.172574
-29.638102 -1.882614 -13.391824
-29.567348 -1.886856 -13.609976
-29.495571 -1.890995 -13.827023
-29.422771 -1.895032 -14.042945
-29.348972 -1.898968 -14.257725
-29.274178 -1.902804 -14.471347
-29.198406 -1.906542 -14.683794
-29.121662 -1.910183 -14.895054
-29.043962 -1.913728 -15.105101
-28.965322 -1.917178 -15.313928
-28.885742 -1.920536 -15.521514
-28.805241 -1.923800 -15.727839
-28.723829 -1.926975 -15.932896
-28.641525 -1.930060 -16.136656
-28.558331 -1.933057 -16.339113
-28.474266 -1.935967 -16.540249
-28.389338 -1.938792 -16.740042
-28.303560 -1.941532 -16.938477
-28.216942 -1.944189 -17.135542
-28.129501 -1.946765 -17.331213
-28.041245 -1.949260 -17.525482
-27.952183 -1.951676 -17.718327
-27.862329 -1.954013 -17.909731
-27.771706 -1.956275 -18.099680
-27.680309 -1.958461 -18.288158
-27.588158 -1.960572 -18.475143
-27.495266 -1.962611 -18.660625
-27.401638 -1.964579 -18.844585
-27.307299 -1.966476 -19.027006
-27.212244 -1.968304 -19.207872
-27.116493 -1.970065 -19.387163
-27.020067 -1.971758 -19.564869
-26.922962 -1.973387 -19.740971
-26.825199 -1.974953 -19.915449
-26.726788 -1.976455 -20.088287
-26.627739 -1.977896 -20.259470
-26.528069 -1.979277 -20.428986
-26.427784 -1.980599 -20.596809
-26.326904 -1.981864 -20.762932
-26.225431 -1.983073 -20.927334
-26.123381 -1.984227 -21.089996
-26.020771 -1.985327 -21.250904
-25.917599 -1.986374 -21.410042
-25.813890 -1.987371 -21.567390
-25.709658 -1.988318 -21.722937
-25.604900 -1.989216 -21.876663
-25.499641 -1.990067 -22.028551
-25.393887 -1.990872 -22.178587
-25.287653 -1.991632 -22.326752
-25.180948 -1.992349 -22.473030
-25.073786 -1.993024 -22.617405
-24.966177 -1.993657 -22.759861
-24.858135 -1.994252 -22.900377
-24.749672 -1.994808 -23.038942
-24.640795 -1.995326 -23.175541
-24.531519 -1.995809 -23.310150
-24.421864 -1.996258 -23.442760
-24.311823 -1.996673 -23.573345
-24.201427 -1.997057 -23.701897
-24.090679 -1.997409 -23.828400
-23.979593 -1.997733 -23.952827
-23.868179 -1.998028 -24.075176
-23.756449 -1.998297 -24.195415
-23.644417 -1.998540 -24.313541
-23.532095 -1.998758 -24.429531
-23.419489 -1.998954 -24.543369
-23.306618 -1.999128 -24.655039
-23.193491 -1.999281 -24.764521
-23.080120 -1.999416 -24.871805
-22.966516 -1.999532 -24.976871
-22.852690 -1.999632 -25.079699
-22.738661 -1.999717 -25.180281
-22.624434 -1.999787 -25.278591
-22.510021 -1.999845 -25.374615
-22.395433 -1.999891 -25.468342
-22.280687 -1.999927 -25.559750
-22.165792 -1.999954 -25.648825
-22.050762 -1.999973 -25.735550
-21.935606 -1.999986 -25.819906
-21.820335 -1.999994 -25.901878
-21.704964 -1.999998 -25.981453
-21.589504 -2.000000 -26.058607
-21.473959 -2.000000 -26.133333
-21.358356 -2.000000 -26.205608
-21.242691 -2.000000 -26.275436
-21.126976 -2.000000 -26.342823
-21.011221 -2.000000 -26.407770
-20.895426 -2.000000 -26.470276
-20.779604 -2.000000 -26.530350
-20.663759 -2.000000 -26.587994
-20.547897 -2.000000 -26.643209
-20.432030 -2.000000 -26.696005
-20.316162 -2.000000 -26.746380
-20.200304 -2.000000 -26.794333
-20.084459 -2.000000 -26.839874
-19.968637 -2.000000 -26.883001
-19.852842 -2.000000 -26.923729
-19.737083 -2.000000 -26.962048
-19.621370 -2.000000 -26.997965
-19.505707 -2.000000 -27.031485
-19.390102 -2.000000 -27.062611
-19.274563 -2.000000 -27.091343
-19.159096 -2.000000 -27.117691
-19.043711 -2.000000 -27.141651
-18.928413 -2.000000 -27.163231
-18.813210 -2.000000 -27.182434
-18.698109 -2.000000 -27.199263
-18.583117 -2.000000 -27.213715
-18.468241 -2.000000 -27.225800
-18.353491 -2.000000 -27.235529
-18.238871 -2.000000 -27.242886
-18.124386 -2.000000 -27.247889
-18.010052 -2.000000 -27.250534
-17.895868 -2.000000 -27.250826
-17.781847 -2.000000 -27.248774
-17.667992 -2.000000 -27.244373
-17.554314 -2.000000 -27.237633
-17.440815 -2.000000 -27.228552
-17.327509 -2.000000 -27.217136
-17.214397 -2.000000 -27.203384
-17.101492 -2.000000 -27.187307
-16.988798 -2.000000 -27.168905
-16.876320 -2.000000 -27.148176
-16.764072 -2.000000 -27.125130
-16.652054 -2.000000 -27.099775
-16.540277 -2.000000 -27.072096
-16.428751 -2.000000 -27.042114
-16.317476 -2.000000 -27.009823
-16.206465 -2.000000 -26.975227
-16.095724 -2.000000 -26.938339
-15.985259 -2.000000 -26.899147
-15.875081 -2.000000 -26.857664
-15.765193 -2.000000 -26.813890
-15.655603 -2.000000 -26.767834
-15.546322 -2.000000 -26.719488
-15.437351 -2.000000 -26.668865
-15.328704 -2.000000 -26.615965
-15.220384 -2.000000 -26.560791
-15.112399 -2.000000 -26.503345
-15.004759 -2.000000 -26.443640
-14.897468 -2.000000 -26.381662
-14.790530 -2.000000 -26.317430
-14.683960 -2.000000 -26.250935
-14.577763 -2.000000 -26.182190
-14.471945 -2.000000 -26.111193
-14.366509 -2.000000 -26.037945
-14.261472 -2.000000 -25.962458
-14.156836 -2.000000 -25.884729
-14.052605 -2.000000 -25.804764
-13.948792 -2.000000 -25.722561
-13.845399 -2.000000 -25.638128
-13.742441 -2.000000 -25.551470
-13.639918 -2.000000 -25.462582
-13.537839 -2.000000 -25.371473
-13.436213 -2.000000 -25.278154
-13.335044 -2.000000 -25.182611
-13.234345 -2.000000 -25.084862
-13.134117 -2.000000 -24.984901
-13.034373 -2.000000 -24.882736
-12.935118 -2.000000 -24.778368
-12.836355 -2.000000 -24.671808
-12.738099 -2.000000 -24.563047
-12.640352 -2.000000 -24.452095
-12.543122 -2.000000 -24.338957
-12.446417 -2.000000 -24.223629
-12.350245 -2.000000 -24.106119
-12.254612 -2.000000 -23.986437
-12.159528 -2.000000 -23.864573
-12.064996 -2.000000 -23.740538
-11.971025 -2.000000 -23.614334
-11.877625 -2.000000 -23.485966
-11.784800 -2.000000 -23.355433
-11.692557 -2.000000 -23.222742
-11.600906 -2.000000 -23.087894
-11.509852 -2.000000 -22.950893
-11.419405 -2.000000 -22.811745
-11.329568 -2.000000 -22.670450
-11.240354 -2.000000 -22.527012
-11.151764 -2.000000 -22.381435
-11.063809 -2.000000 -22.233719
-10.976496 -2.000000 -22.083868
-10.889832 -2.000000 -21.931894
-10.803820 -2.000000 -21.777779
-10.718471 -2.000000 -21.621561
-10.633770 -2.000000 -21.463272
-10.549703 -2.000000 -21.302973
-10.466248 -2.000000 -21.140717
-10.383393 -2.000000 -20.976561
-10.301121 -2.000000 -20.810556
-10.219416 -2.000000 -20.642765
-10.138261 -2.000000 -20.473236
-10.057641 -2.000000 -20.302031
-9.977541 -2.000000 -20.129202
-9.897942 -2.000000 -19.954802
-9.818829 -2.000000 -19.778893
-9.740186 -2.000000 -19.601524
-9.661997 -2.000000 -19.422756
-9.584246 -2.000000 -19.242640
-9.506919 -2.000000 -19.061235
-9.429996 -2.000000 -18.878597
-9.353462 -2.000000 -18.694777
-9.277302 -2.000000 -18.509834
-9.201501 -2.000000 -18.323822
-9.126039 -2.000000 -18.136799
-9.050903 -2.000000 -17.948818
-8.976076 -2.000000 -17.759935
-8.901542 -2.000000 -17.570206
-8.827285 -2.000000 -17.379688
-8.753288 -2.000000 -17.188431
-8.679535 -2.000000 -16.996502
-8.606012 -2.000000 -16.803942
-8.532701 -2.000000 -16.610815
-8.459585 -2.000000 -16.417179
-8.386649 -2.000000 -16.223082
-8.313879 -2.000000 -16.028584
-8.241257 -2.000000 -15.833740
-8.168764 -2.000000 -15.638606
-8.096389 -2.000000 -15.443235
-8.024113 -2.000000 -15.247686
-7.951920 -2.000000 -15.052012
-7.879795 -2.000000 -14.856272
-7.807721 -2.000000 -14.660515
-7.735681 -2.000000 -14.464802
-7.663661 -2.000000 -14.269188
-7.591644 -2.000000 -14.073728
-7.519613 -2.000000 -13.878475
-7.447553 -2.000000 -13.683486
-7.375448 -2.000000 -13.488819
-7.303280 -2.000000 -13.294527
-7.231035 -2.000000 -13.100666
-7.158697 -2.000000 -12.907292
-7.086248 -2.000000 -12.714463
-7.013674 -2.000000 -12.522225
-6.940957 -2.000000 -12.330645
-6.868081 -2.000000 -12.139772
-6.795032 -2.000000 -11.949665
-6.721791 -2.000000 -11.760379
-6.648344 -2.000000 -11.571967
-6.574675 -2.000000 -11.384485
-6.500767 -2.000000 -11.197991
-6.426603 -2.000000 -11.012538
-6.352169 -2.000000 -10.828185
-6.277447 -2.000000 -10.644983
-6.202422 -2.000000 -10.462990
-6.127076 -2.000000 -10.282263
-6.051396 -2.000000 -10.102853
-5.975365 -2.000000 -9.924817
-5.898965 -2.000000 -9.748216
-5.822181 -2.000000 -9.573097
-5.744998 -2.000000 -9.399525
-5.667398 -2.000000 -9.227547
-5.589367 -2.000000 -9.057221
-5.510887 -2.000000 -8.888606
-5.431942 -2.000000 -8.721754
-5.352516 -2.000000 -8.556722
-5.272594 -2.000000 -8.393563
-5.192159 -2.000000 -8.232337
-5.111197 -2.000000 -8.073096
-5.029687 -2.000000 -7.915897
-4.947617 -2.000000 -7.760796
-4.864970 -2.000000 -7.607847
-4.781729 -2.000000 -7.457107
-4.697878 -2.000000 -7.308629
-4.613403 -2.000000 -7.162472
-4.528286 -2.000000 -7.018689
-4.442510 -2.000000 -6.877337
-4.356061 -2.000000 -6.738470
-4.268922 -2.000000 -6.602145
-4.181076 -2.000000 -6.468417
-4.092507 -2.000000 -6.337341
-4.003201 -2.000000 -6.208972
-3.913140 -2.000000 -6.083369
-3.822309 -2.000000 -5.960585
-3.730690 -2.000000 -5.840675
-3.638270 -2.000000 -5.723694
-3.545029 -2.000000 -5.609700
-3.450954 -2.000000 -5.498748
-3.356027 -2.000000 -5.390891
-3.260233 -2.000000 -5.286188
-3.163556 -2.000000 -5.184692
-3.065979 -2.000000 -5.086458
-2.967486 -2.000000 -4.991545
-2.868056 -2.000000 -4.900000
-2.767689 -2.000000 -4.811877
-2.666389 -2.000000 -4.727160
-2.564174 -2.000000 -4.645819
-2.461059 -2.000000 -4.567832
-2.357059 -2.000000 -4.493171
-2.252191 -2.000000 -4.421812
-2.146470 -2.000000 -4.353728
-2.039912 -2.000000 -4.288893
-1.932534 -2.000000 -4.227282
-1.824351 -2.000000 -4.168869
-1.715379 -2.000000 -4.113629
-1.605634 -2.000000 -4.061534
-1.495131 -2.000000 -4.012560
-1.383888 -2.000000 -3.966682
-1.271919 -2.000000 -3.923872
-1.159241 -2.000000 -3.884105
-1.045869 -2.000000 -3.847356
-0.931819 -2.000000 -3.813599
-0.817107 -2.000000 -3.782807
-0.701750 -2.000000 -3.754956
-0.585762 -2.000000 -3.730018
-0.469161 -2.000000 -3.707970
-0.351961 -2.000000 -3.688784
-0.234179 -2.000000 -3.672435
-0.115831 -2.000000 -3.658898
0.003068 -2.000000 -3.648145
0.122501 -2.000000 -3.640153
0.242454 -2.000000 -3.634894
0.362908 -2.000000 -3.632343
0.483850 -2.000000 -3.632475
0.605264 -2.000000 -3.635263
0.727131 -2.000000 -3.640682
0.849439 -2.000000 -3.648706
0.972170 -2.000000 -3.659308
1.095307 -2.000000 -3.672465
1.218837 -2.000000 -3.688149
1.342743 -2.000000 -3.706334
1.467008 -2.000000 -3.726996
1.591617 -2.000000 -3.750108
1.716554 -2.000000 -3.775644
1.841802 -2.000000 -3.803579
1.967348 -2.000000 -3.833887
2.093174 -2.000000 -3.866542
2.219264 -2.000000 -3.901518
2.345603 -2.000000 -3.938790
2.472174 -2.000000 -3.978332
2.598961 -2.000000 -4.020117
2.725950 -2.000000 -4.064120
2.853123 -2.000000 -4.110317
2.980466 -2.000000 -4.158679
3.107962 -2.000000 -4.209183
3.235595 -2.000000 -4.261802
3.363349 -2.000000 -4.316509
3.491209 -2.000000 -4.373281
3.619158 -2.000000 -4.432089
3.747181 -2.000000 -4.492910
3.875262 -2.000000 -4.555718
4.003384 -2.000000 -4.620485
4.131532 -2.000000 -4.687186
4.259691 -2.000000 -4.755798
4.387844 -2.000000 -4.826292
4.515975 -2.000000 -4.898642
4.644067 -2.000000 -4.972825
4.772108 -2.000000 -5.048813
4.900078 -2.000000 -5.126581
5.027963 -2.000000 -5.206103
5.155747 -2.000000 -5.287353
5.283414 -2.000000 -5.370306
5.410947 -2.000000 -5.454936
5.538332 -2.000000 -5.541215
5.665552 -2.000000 -5.629122
5.792592 -2.000000 -5.718626
5.919435 -2.000000 -5.809706
6.046065 -2.000000 -5.902332
6.172466 -2.000000 -5.996481
6.298624 -2.000000 -6.092124
6.424521 -2.000000 -6.189240
6.550143 -2.000000 -6.287800
6.675472 -2.000000 -6.387778
6.800494 -2.000000 -6.489151
6.925192 -2.000000 -6.591890
7.049550 -2.000000 -6.695970
7.173552 -2.000000 -6.801368
7.297184 -2.000000 -6.908053
7.420428 -2.000000 -7.016005
7.543268 -2.000000 -7.125193
7.665690 -2.000000 -7.235594
7.787677 -2.000000 -7.347183
7.909212 -2.000000 -7.459933
8.030282 -2.000000 -7.573817
8.150867 -2.000000 -7.688812
8.270955 -2.000000 -7.804892
8.390528 -2.000000 -7.922027
8.509571 -2.000000 -8.040195
8.628067 -2.000000 -8.159369
8.746000 -2.000000 -8.279525
8.863357 -2.000000 -8.400635
8.980120 -2.000000 -8.522674
9.096271 -2.000000 -8.645617
9.211805 -2.000000 -8.769444
9.326695 -2.000000 -8.894114
9.440954 -1.999997 -9.019600
9.554598 -1.999990 -9.145867
9.667634 -1.999976 -9.272879
9.780077 -1.999954 -9.400601
9.891940 -1.999920 -9.528997
10.003234 -1.999873 -9.658032
10.113972 -1.999810 -9.787671
10.224163 -1.999730 -9.917877
10.333822 -1.999629 -10.048616
10.442962 -1.999507 -10.179852
10.551591 -1.999360 -10.311550
10.659724 -1.999186 -10.443673
10.767373 -1.998984 -10.576187
10.874551 -1.998750 -10.709057
10.981269 -1.998483 -10.842246
11.087537 -1.998180 -10.975719
11.193370 -1.997839 -11.109441
11.298780 -1.997459 -11.243377
11.403777 -1.997036 -11.377489
11.508375 -1.996569 -11.511744
11.612587 -1.996055 -11.646106
11.716422 -1.995492 -11.780540
11.819894 -1.994878 -11.915009
11.923015 -1.994211 -12.049479
12.025797 -1.993488 -12.183914
12.128252 -1.992708 -12.318277
12.230391 -1.991867 -12.452538
12.332228 -1.990964 -12.586653
12.433775 -1.989997 -12.720593
12.535042 -1.988963 -12.854321
12.636042 -1.987860 -12.987802
12.736790 -1.986686 -13.120998
12.837295 -1.985438 -13.253876
12.937570 -1.984115 -13.386399
13.037626 -1.982715 -13.518535
13.137479 -1.981234 -13.650243
13.237135 -1.979671 -13.781493
13.336611 -1.978023 -13.912246
13.435914 -1.976289 -14.042465
13.535064 -1.974466 -14.172119
13.634067 -1.972552 -14.301170
13.732936 -1.970544 -14.429583
13.831684 -1.968441 -14.557324
13.930325 -1.966240 -14.684356
14.028867 -1.963939 -14.810643
14.127323 -1.961535 -14.936149
14.225708 -1.959027 -15.060841
14.324031 -1.956413 -15.184681
14.422308 -1.953689 -15.307636
14.520547 -1.950855 -15.429670
14.618760 -1.947907 -15.550747
14.716963 -1.944843 -15.670829
14.815164 -1.941662 -15.789884
14.913380 -1.938360 -15.907875
15.011618 -1.934937 -16.024769
15.109893 -1.931389 -16.140528
15.208214 -1.927714 -16.255116
15.306597 -1.923910 -16.368500
15.405051 -1.919975 -16.480642
15.503592 -1.915907 -16.591507
15.602229 -1.911703 -16.701061
15.700975 -1.907361 -16.809269
15.799841 -1.902880 -16.916092
15.898841 -1.898255 -17.021498
15.997985 -1.893487 -17.125452
16.097286 -1.888572 -17.227915
16.196758 -1.883508 -17.328852
16.296410 -1.878292 -17.428230
16.396257 -1.872924 -17.526012
16.496309 -1.867400 -17.622164
16.596579 -1.861717 -17.716650
16.697079 -1.855875 -17.809437
16.797817 -1.849871 -17.900480
16.898813 -1.843702 -17.989754
17.000074 -1.837366 -18.077219
17.101614 -1.830861 -18.162838
17.203444 -1.824186 -18.246582
17.305576 -1.817337 -18.328409
17.408022 -1.810312 -18.408283
17.510796 -1.803109 -18.486177
17.613909 -1.795727 -18.562046
17.717371 -1.788162 -18.635859
17.821198 -1.780412 -18.707581
17.925400 -1.772476 -18.777176
18.029987 -1.764351 -18.844606
18.134975 -1.756035 -18.909840
18.240374 -1.747525 -18.972837
18.346197 -1.738820 -19.033567
18.452456 -1.729917 -19.091991
18.559164 -1.720813 -19.148077
18.666328 -1.711508 -19.201784
18.773964 -1.701998 -19.253080
18.882088 -1.692281 -19.301929
18.990705 -1.682356 -19.348301
19.099831 -1.672219 -19.392149
19.209476 -1.661869 -19.433445
19.319658 -1.651303 -19.472157
19.430378 -1.640519 -19.508240
19.541666 -1.629515 -19.541666
19.653511 -1.618289 -19.572405
19.765903 -1.606847 -19.600452
19.878832 -1.595192 -19.625818
19.992273 -1.583330 -19.648510
20.106211 -1.571265 -19.668531
20.220627 -1.559002 -19.685892
20.335506 -1.546546 -19.700598
20.450823 -1.533902 -19.712648
20.566566 -1.521075 -19.722063
20.682714 -1.508070 -19.728840
20.799252 -1.494891 -19.732985
20.916161 -1.481544 -19.734507
21.033417 -1.468033 -19.733414
21.151009 -1.454364 -19.729712
21.268915 -1.440541 -19.723406
21.387121 -1.426569 -19.714500
21.505606 -1.412452 -19.703007
21.624353 -1.398197 -19.688927
21.743340 -1.383808 -19.672270
21.862555 -1.369289 -19.653046
21.981976 -1.354646 -19.631254
22.101587 -1.339883 -19.606905
22.221371 -1.325006 -19.580004
22.341303 -1.310018 -19.550560
22.461370 -1.294927 -19.518578
22.581558 -1.279734 -19.484062
22.701841 -1.264448 -19.447023
22.822205 -1.249070 -19.407463
22.942631 -1.233608 -19.365393
23.063105 -1.218065 -19.320818
23.183601 -1.202447 -19.273741
23.304108 -1.186758 -19.224174
23.424603 -1.171003 -19.172119
23.545067 -1.155187 -19.117588
23.665493 -1.139316 -19.060583
23.785849 -1.123393 -19.001112
23.906124 -1.107425 -18.939177
24.026300 -1.091415 -18.874794
24.146357 -1.075369 -18.807964
24.266277 -1.059291 -18.738689
24.386040 -1.043187 -18.666985
24.505634 -1.027061 -18.592852
24.625036 -1.010918 -18.516296
24.744230 -0.994764 -18.437332
24.863194 -0.978602 -18.355955
24.981916 -0.962438 -18.272181
25.100376 -0.946277 -18.186010
25.218554 -0.930124 -18.097450
25.336428 -0.913983 -18.006512
25.453989 -0.897860 -17.913197
25.571215 -0.881759 -17.817514
25.688087 -0.865686 -17.719469
25.804586 -0.849644 -17.619068
25.920696 -0.833640 -17.516319
26.036400 -0.817677 -17.411228
26.151676 -0.801762 -17.303802
26.266512 -0.785898 -17.194048
26.380880 -0.770090 -17.081968
26.494772 -0.754344 -16.967575
26.608162 -0.738665 -16.850870
26.721039 -0.723057 -16.731863
26.833382 -0.707525 -16.610561
26.945173 -0.692074 -16.486967
27.056387 -0.676709 -16.361088
27.167021 -0.661435 -16.232937
27.277044 -0.646257 -16.102512
27.386440 -0.631179 -15.969825
27.495197 -0.616207 -15.834880
27.603296 -0.601345 -15.697685
27.710712 -0.586599 -15.558243
27.817432 -0.571973 -15.416565
27.923433 -0.557472 -15.272658
28.028704 -0.543101 -15.126524
28.133226 -0.528865 -14.978175
28.236971 -0.514768 -14.827610
28.339937 -0.500816 -14.674843
28.442097 -0.487014 -14.519875
28.543427 -0.473367 -14.362720
28.643921 -0.459879 -14.203376
28.743549 -0.446555 -14.041851
28.842306 -0.433400 -13.878158
28.940163 -0.420419 -13.712297
29.037106 -0.407617 -13.544278
29.133118 -0.394999 -13.374105
29.228178 -0.382570 -13.201786
29.322273 -0.370334 -13.027329
29.415379 -0.358297 -12.850736
29.507479 -0.346463 -12.672016
29.598560 -0.334838 -12.491179
29.688597 -0.323425 -12.308228
29.777578 -0.312231 -12.123170
29.865480 -0.301260 -11.936008
29.952288 -0.290516 -11.746756
30.037987 -0.280006 -11.555416
30.122549 -0.269733 -11.361995
30.205965 -0.259702 -11.166499
30.288216 -0.249919 -10.968935
30.369276 -0.240389 -10.769309
30.449135 -0.231115 -10.567631
30.527777 -0.222103 -10.363889
30.605179 -0.213358 -10.158125
30.681343 -0.204878 -9.950364
30.756268 -0.196663 -9.740648
30.829954 -0.188710 -9.529025
30.902407 -0.181020 -9.315535
30.973625 -0.173589 -9.100224
31.043612 -0.166418 -8.883134
31.112364 -0.159504 -8.664310
31.179884 -0.152846 -8.443797
31.246176 -0.146444 -8.221637
31.311237 -0.140295 -7.997876
31.375074 -0.134398 -7.772557
31.437677 -0.128752 -7.545724
31.499054 -0.123356 -7.317421
31.559210 -0.118208 -7.087692
31.618141 -0.113306 -6.856582
31.675848 -0.108651 -6.624134
31.732332 -0.104239 -6.390391
31.787596 -0.100071 -6.155398
31.841640 -0.096144 -5.919200
31.894463 -0.092457 -5.681839
31.946068 -0.089009 -5.443361
31.996458 -0.085798 -5.203809
32.045628 -0.082824 -4.963225
32.093586 -0.080084 -4.721657
32.140331 -0.077578 -4.479147
32.185860 -0.075304 -4.235739
32.230183 -0.073261 -3.991477
32.273285 -0.071447 -3.746405
32.315182 -0.069862 -3.500564
32.355873 -0.068503 -3.254004
32.395351 -0.067369 -3.006765
32.433628 -0.066460 -2.758890
32.470695 -0.065773 -2.510427
32.506554 -0.065308 -2.261418
32.541214 -0.065063 -2.011905
32.574673 -0.065036 -1.761935
32.606922 -0.065227 -1.511550
32.637978 -0.065634 -1.260794
32.667835 -0.066256 -1.009714
32.696484 -0.067091 -0.758351
32.723946 -0.068138 -0.506749
32.750202 -0.069395 -0.254951
32.775269 -0.070862 -0.003006
32.799141 -0.072537 0.249048
32.821815 -0.074419 0.501164
32.843300 -0.076506 0.753297
32.863594 -0.078796 1.005405
32.882694 -0.081290 1.257444
32.900604 -0.083985 1.509370
32.917336 -0.086879 1.761138
32.932865 -0.089972 2.012705
32.947216 -0.093263 2.264025
32.960381 -0.096749 2.515056
32.972359 -0.100430 2.765755
32.983158 -0.104304 3.016075
32.992771 -0.108371 3.265975
33.001205 -0.112627 3.515408
33.008457 -0.117073 3.764332
33.014526 -0.121707 4.012704
33.019421 -0.126527 4.260478
33.023136 -0.131532 4.507610
33.025681 -0.136721 4.754057
33.027042 -0.142093 4.999776
33.027241 -0.147646 5.244720
33.026253 -0.153378 5.488849
33.024101 -0.159290 5.732113
33.020775 -0.165378 5.974475
33.016277 -0.171642 6.215886
33.010616 -0.178080 6.456305
33.003777 -0.184692 6.695687
32.995785 -0.191475 6.933987
32.986618 -0.198429 7.171163
32.976288 -0.205552 7.407168
32.964790 -0.212842 7.641960
32.952133 -0.220299 7.875497
32.938309 -0.227921 8.107732
32.923332 -0.235707 8.338621
32.907192 -0.243655 8.568122
32.889889 -0.251764 8.796188
32.871433 -0.260033 9.022779
32.851818 -0.268460 9.247849
32.831043 -0.277044 9.471354
32.809120 -0.285784 9.693250
32.786041 -0.294678 9.913493
32.761806 -0.303725 10.132039
32.736423 -0.312924 10.348845
32.709888 -0.322273 10.563865
32.682205 -0.331771 10.777057
32.653374 -0.341416 10.988373
32.623394 -0.351208 11.197775
32.592266 -0.361145 11.405218
32.559994 -0.371225 11.610654
32.526573 -0.381448 11.814039
32.492012 -0.391811 12.015333
32.456306 -0.402314 12.214491
32.419464 -0.412955 12.411469
32.381474 -0.423734 12.606221
32.342346 -0.434647 12.798704
32.302082 -0.445696 12.988890
32.260677 -0.456876 13.176713
32.218136 -0.468181 13.362197
32.174450 -0.479606 13.545358
32.129612 -0.491141 13.726211
32.083626 -0.502782 13.904773
32.036488 -0.514519 14.081060
31.988190 -0.526347 14.255091
31.938732 -0.538258 14.426879
31.888107 -0.550245 14.596442
31.836317 -0.562300 14.763797
31.783352 -0.574418 14.928959
31.729214 -0.586590 15.091947
31.673899 -0.598810 15.252773
31.617407 -0.611071 15.411458
31.559727 -0.623364 15.568016
31.500860 -0.635685 15.722466
31.440800 -0.648024 15.874821
31.379549 -0.660375 16.025099
31.317099 -0.672732 16.173317
31.253445 -0.685086 16.319490
31.188589 -0.697431 16.463634
31.122522 -0.709759 16.605770
31.055244 -0.722065 16.745909
30.986755 -0.734339 16.884069
30.917046 -0.746576 17.020269
30.846115 -0.758769 17.154524
30.773962 -0.770909 17.286848
30.700579 -0.782991 17.417261
30.625961 -0.795006 17.545776
30.550116 -0.806948 17.672413
30.473026 -0.818810 17.797186
30.394697 -0.830585 17.920113
30.315128 -0.842265 18.041210
30.234303 -0.853843 18.160494
30.152227 -0.865313 18.277979
30.068903 -0.876667 18.393682
29.984314 -0.887898 18.507624
29.898466 -0.898999 18.619816
29.811356 -0.909963 18.730276
29.722971 -0.920783 18.839022
29.633322 -0.931451 18.946068
29.542393 -0.941962 19.051432
29.450184 -0.952306 19.155130
29.356699 -0.962478 19.257181
29.261925 -0.972470 19.357595
29.165863 -0.982275 19.456396
29.068508 -0.991887 19.553598
28.969862 -1.001297 19.649212
28.869913 -1.010499 19.743263
28.768665 -1.019486 19.835762
28.666111 -1.028251 19.926727
28.562250 -1.036786 20.016174
28.457075 -1.045084 20.104122
28.350584 -1.053139 20.190580
28.242771 -1.060943 20.275572
28.133646 -1.068490 20.359114
28.023190 -1.075771 20.441219
27.911406 -1.082780 20.521904
27.798292 -1.089510 20.601191
27.683838 -1.095954 20.679087
27.568045 -1.102104 20.755613
27.450914 -1.107954 20.830790
27.332438 -1.113496 20.904627
27.212608 -1.118723 20.977144
27.091431 -1.123629 21.048359
26.968893 -1.128206 21.118286
26.845001 -1.132446 21.186939
26.719744 -1.136344 21.254341
26.593124 -1.139891 21.320505
26.465134 -1.143081 21.385447
26.335768 -1.145906 21.449181
26.205030 -1.148360 21.511730
26.072916 -1.150436 21.573105
25.939419 -1.152125 21.633324
25.804531 -1.153422 21.692400
25.668255 -1.154319 21.750360
25.530588 -1.154808 21.807211
25.391527 -1.154884 21.862968
25.251068 -1.154538 21.917660
25.109201 -1.153764 21.971287
24.965931 -1.152554 22.023876
24.821255 -1.150902 22.075441
24.675161 -1.148800 22.125998
24.527655 -1.146241 22.175562
24.378727 -1.143219 22.224155
24.228376 -1.139725 22.271786
24.076603 -1.135753 22.318478
23.923397 -1.131296 22.364243
23.768761 -1.126347 22.409100
23.612684 -1.120898 22.453060
23.455173 -1.114943 22.496149
23.296219 -1.108474 22.538376
23.135817 -1.101484 22.579760
22.973965 -1.093967 22.620317
22.810663 -1.085914 22.660065
22.645903 -1.077320 22.699020
22.479685 -1.068176 22.737194
22.312000 -1.058476 22.774611
22.142851 -1.048213 22.811279
21.972223 -1.037379 22.847223
21.800133 -1.025971 22.882452
21.626577 -1.013998 22.916965
21.451565 -1.001472 22.950769
21.275105 -0.988406 22.983862
21.097202 -0.974813 23.016241
20.917866 -0.960704 23.047911
20.737101 -0.946093 23.078869
20.554920 -0.930992 23.109116
20.371330 -0.915413 23.138649
20.186337 -0.899370 23.167471
19.999947 -0.882873 23.195581
19.812172 -0.865937 23.222982
19.623014 -0.848573 23.249670
19.432487 -0.830793 23.275646
19.240593 -0.812612 23.300911
19.047348 -0.794040 23.325460
18.852755 -0.775090 23.349306
18.656818 -0.755776 23.372431
18.459551 -0.736109 23.394846
18.260958 -0.716101 23.416555
18.061050 -0.695766 23.437550
17.859829 -0.675117 23.457832
17.657310 -0.654164 23.477404
17.453497 -0.632921 23.496264
17.248400 -0.611401 23.514414
17.042025 -0.589615 23.531845
16.834377 -0.567577 23.548569
16.625467 -0.545299 23.564583
16.415304 -0.522794 23.579882
16.203894 -0.500073 23.594473
15.991245 -0.477149 23.608349
15.777368 -0.454036 23.621511
15.562261 -0.430744 23.633970
15.345944 -0.407288 23.645710
15.128420 -0.383679 23.656742
14.909692 -0.359930 23.667065
14.689775 -0.336053 23.676668
14.468672 -0.312061 23.685566
14.246392 -0.287966 23.693750
14.022947 -0.263782 23.701220
13.798339 -0.239520 23.707983
13.572577 -0.215192 23.714029
13.345671 -0.190812 23.719368
13.117626 -0.166392 23.723993
12.888455 -0.141944 23.727907
12.658158 -0.117481 23.731112
12.426750 -0.093015 23.733604
12.194235 -0.068559 23.735384
11.960621 -0.044126 23.736452
11.725916 -0.019727 23.736807
11.490129 0.004624 23.736450
11.253265 0.028916 23.735382
11.015336 0.053135 23.733604
10.776347 0.077269 23.731112
10.536307 0.101306 23.727911
10.295222 0.125233 23.723993
10.053103 0.149038 23.719370
9.809954 0.172708 23.714033
9.565786 0.196231 23.707985
9.320604 0.219594 23.701220
9.074418 0.242784 23.693750
8.827235 0.265790 23.685566
8.579062 0.288598 23.676670
8.329907 0.311197 23.667065
8.079782 0.333573 23.656744
7.828686 0.355714 23.645712
7.576637 0.377608 23.633970
7.323635 0.399242 23.621517
7.069692 0.420604 23.608351
6.814815 0.441681 23.594471
6.559008 0.462461 23.579882
6.302285 0.482931 23.564583
6.044648 0.503079 23.548569
5.786110 0.522892 23.531847
5.526676 0.542358 23.514408
5.266354 0.561463 23.496264
5.005152 0.580197 23.477404
4.743079 0.598545 23.457832
4.480141 0.616497 23.437553
4.216345 0.634038 23.416555
3.951702 0.651158 23.394852
3.686217 0.667842 23.372433
3.419901 0.684080 23.349306
3.152758 0.699857 23.325462
2.884796 0.715162 23.300913
2.616026 0.729983 23.275648
2.346454 0.744306 23.249670
2.076087 0.758119 23.222984
1.804934 0.771410 23.195585
1.533003 0.784166 23.167473
1.260301 0.796375 23.138653
0.986836 0.808025 23.109118
0.712617 0.819102 23.078873
0.437649 0.829594 23.047915
0.161942 0.839489 23.016245
-0.114496 0.848773 22.983864
-0.391658 0.857436 22.950773
-0.669539 0.865465 22.916969
-0.948125 0.872845 22.882452
